This line is a comment block. Write whatever you want here.
This line is a comment block. Write whatever you want here.
This line is a comment block. Write whatever you want here.
This line is a comment block. Write whatever you want here.
This line is a comment block. Write whatever you want here.
This line is a comment block. Write whatever you want here.
This line is a comment block. Write whatever you want here.
54a9375c3d9988c5dc17828723218125c5d2b34a146ac2f4b4f109b42e0a8fe0 19 9 217 13
89fa98a85ef0c69e87078decc461f93c1a6d71229969080ea073dec683e9527d 9 0 0 0
289e74d1f300e620ab2a6fd4446fcbf0f230273aa199cfa565b6a99aa25a4461 6 0 0 0
240a20be407874e9103ef7b4a7fd4dcf9f2d1c60a495463c5b2a70850172e661 12 0 0 0
4ac0e5b7919c6349859debddbc63fb5c3efad4e05e844a87320b84e5200cb874 1 1 5949 0
83ded1526e6ba149f4def06589288db5f66c9c36ea90c77a9ccae6a9093cb884 24 0 0 0
426b18439765c53f8cb0c9579e6c5c0124e0081032b9d914b953157c2a43d01d 15 1 1 0
30a837c6f3268090df00a36c183e0af1672f6a144a72c83b249cea2fc74af89d 1 1 25072 0
c523f289285e3a02143d9bd42cf79d84d77346d047f7324275fb052651a573b9 1 1 17138 0
0ff6e849a0d090756617cf0d146b86b8eced12e999b7b40c49a5bec429cffb67 2 2 11075 58
9ebaa4285bf98188153d451d6a09a41ad5bf9708fd957e8e8290bddfae9a1c2e 5 0 0 0
de06882fa742f9a9fc26cdf297e80d9e4024cdac8f7ac46a26c3600de41d9795 4 4 5098 2
b7ce2c46882add7c7dfdec89dadb75d25ac423c53abec1385d7b85966c36af89 1 1 4754 0
5396f751091b2cdd56144544a61bf453f8cc1bca1f3208d75559e584fa3b2301 2 2 731 0
d7f5ead7d7199b28a24b586b1ee5cada43528d8b1c5536df3f93699377c63062 1 1 1436 0
80d8b22d26f15dd274c22b1c19b71beaa62814cdd90088afeace3a37d9b414de 8 8 1083540 436
c9bba13f36e360f7019a5d53fa205ca048eb791a3e871d80db421e578809ad19 1 1 15720 0
d3ba705c41b219ea1cc2d83a9935a70c60aedb63af0904d751cfc3dba8f9cc53 14 4 45 4
647ffecfe22f9bda21eb9d15f6b9f78c165bfff3852a4ae809187cf15cb51708 0 0 0 0
8a3cf9fdaed51462177a44e79a0c304859d25c1439c28e6220c40a0ba81c05a3 1 1 290278 0
39b569ae758e3f31fe281758476f12ada479de3e5672c22d14ca7659156ad8c4 9 9 538 37
75d33879e3b83670bdddbda5ddf1cdc1e59445ec3566f38164a43ce84164effa 201 0 0 0
b1c8635113fc18d4f01e4b1695e1274b0a5a3e7ba7c29ff1e4574468a1dc72b1 5 5 16863 155
c3fbc04a4191a7e2aeae883fef942c200f6f4e62e7face48cbf80be7df2c273b 16 0 0 0
83ede65dd9769bfc8e3c2d8aaf687907e85470d236f1ace965b338e2d642cc13 5 5 12466 301
a543d9e87d4bd87a2c05e22dee83c832b6e4336a0cf1e9f93f9394c4f55dc6a6 1 1 32384 0
45ae63752ea2fe298462ac3b87d054ef3cfb5a3005eb29bbaabf64a529de8247 5 3 33097 33396
8e7f13669d9d9c944099e6cdca3736e6fc3b371d6133e321e05d13418e326800 1 1 300 0
9b33899c8d448799137a7f6f13565ef21a6016197facc1b8d021979aaf49d626 2 2 23729 0
f0fd7afa9c797e122e02abcfa1e380122af140c374429ac6a83542a2b292b39f 46 44 1118 230
751a8a32e45d4e0cff5aa5a3c3efd6027be75321ea98e5332221444931d9341c 6 6 29176 331
53319c30b212faaad8f2ac8c263a634c1cd15a181e9930808f4003824ff1eff2 4 4 11770 47
3730cf6610abd8831d6654d871301f29054239dc5bc8b8d2574604728c1d17c0 3 3 213499 0
98c6a7619bb3e3fe85f514ac01a053add7095b8896b5ac3fc23644b3c9ff7dc4 2 2 7543 205
e76629cb5a599c065ef2f33ef76c48bb75e0954faed5bfb03346b1bda341e3da 15 0 0 0
303a4ace19780b4a20ce5bd716c071b46258bf1f197fb3c7320bb18e8b7beb50 4 4 5106 5
8fd70400bdcd2d2ebc51be2d2bec4587454079679609d43e424bf2780351459f 0 0 0 0
dd2e7541029127786438ae0c0ca86a271ee378116ccc48da25a08fdebd3dd098 11529 0 0 0
eb6a0afdc403631713ff9278d55ef2ced55a3926729ac076790aaaec36f7c70d 3 3 2544 0
d673efa52e9bf1da3023684c1cd9c24bbf2a7ef519e2b6efec117dbd2df63100 5 0 0 0
8aafac640fc7c82d107bd875037167d1c7d4d97db096e4285accca0cc7a7b743 5 5 524 24
82b78d916baa148ee23009f02dcd3e1c9597c474e47c3dbda9f4963e7dd94ec2 3 3 48930 1788
bacf6f67950e14144eb9f89bb79acc9535b7267c00c5157ab2b8f768855802d9 2 2 60081 70
019508008acdbe656796dba89063d6090824ffad4c788372f2c8ca5c60abf941 64 0 0 0
f1f283f9ba408a236ad97b270e172c254e9e796637f8f5cbc44ffb50b5772b2e 2 2 164 0
870dddf31ce1b41fd0a2417f0f518e49b40a90a78fe5a7319b2e8a0e6aeecab7 4 0 0 0
c899e3c13c1040fb96c7d2b74c71dd82ea55f6e64342ac4dc506398b19185a48 2 2 2166 0
82b77fa56a9df481ba18f61122b9137a06df9f34fccff41fc70f3fc64a304bd9 2 2 1847 82
80a9559fb86080ce6ca79cd2bc02931d530f46d1097c12aa72dba08396b12ec4 4 4 37651 327
699666b63c968d3025f7db77b5b12495b4440e4574e479adfc512f97c90fc7e7 10 10 1336 53
7443759742681cac96c2c73f5b50703b68740e4dc031f443cbb476ff78b16419 4 4 443 64
134484aaec11eb069a99a46d3b588042f00134de6dc0718fc13aef3d4c9b27cd 35 12 3936 4364
1b987d243da194e6de709f83128d14b70ba2b47c41fb7e9c3293c5c5f19f7a2e 1 1 32601 0
6452db7078657ff74ed529eae0502b78b68c9a7482f78868a3103ff6bbc9c252 3 3 59103 1
d6574581bd7099dca9e5dc2bfb6852303bc65d2b8803d7dbd03e9d1d73a8bf6c 12 12 49398 37967
3edeed381e45dbb91fe22337d5128c03b72203135f44d768a96ccb74de0eebdb 98 3 134 474
9fca9c3c0fefd1cb737edceb9d3eb3792ad34b9d6c6867e130b37599e7f5c606 1 1 11356 0
67648e264b7030c015c4fa5d27661339b72afa013d2a36ea612dece2b512c497 77 2 3 4
911ab7980cd144fee06c4eb51519836e40d1f21f0e4e5e3b0081e643470e0ab8 0 0 0 0
41223589cede10b4c320f644f718e1c8d5676f136c1d89ae1813f79f9bad5bd2 4 4 24028 1532
d4c1cbe199287247f0203529adb4cb7044fcc04139b20239d18e68813eaab64d 5 5 776 195
bf9be0ad65e678dcb1845b795a37c714fd2784ad6909df524f224adc8b241cd9 1 1 13262 0
8772ab2f88d8728e04a0718a77f5fd4b82418dc511ca0fdf12f3b1e1959701c6 1 1 42762 0
f13c38d8526dd0697e4d5d438da7068830bb01e3585f024590f70eeda0f9ceec 1 1 4367 0
24613a3957be7b815746e718c5db4536c2a2438e727f72d57bb77506f95499ba 644 0 0 0
732b15b011fba0c9ea79f11071c28cd8699d7a8746f060d6c2f3129bb8f669d7 1 1 206 0
66c94cf14efd31c354b07a6440d57713ba9a85004c399530581f87a805162a14 33 0 0 0
740518c7b016daed49244262f8e54732629e5156b99943f8a4249430ff19cae5 4 4 466 7
2cc64d9d01f0d032ef285dfa093fb5eb81d7ad7ad0081212c6ebd5173db0ab65 3 3 10282 0
d5db58caf89906150b05dd5b3453a5b8685b2f66291de3ec7fa3b31267933b67 9 9 8015 1403
2e74da93a4a5ad90bc1edd61eee49dcccc6c647d43dc869a0049da086fc55f38 2 2 260 14
71c7d49d84bfb2eec812c8ed71838f1bf6c2bb86cf0f35e616fe7422e3e855dd 1649 0 0 0
795f57d209a87b0e5d2a65ef8da262d840981dcf3605b39cbfe0d5659daf47d8 189 7 471 1766
506baa423caca60020d21366b284bc1d8367bed9cc5a272812a9d6df541864b6 51 0 0 0
f57d80d691642d8cbd2442b7f909bbd670afd07b5cd47a1e6d2c45e28273711d 1 1 20573 0
2a62e1ee85b9d7ef790b162eb304a781ed73b0892f35200217c349d1504f6c8b 102 0 0 0
4cb8e8e05c4d7b7b9560cd429f9092d4cf8b45ad1f0b30979f678850bc8499dc 0 0 0 0
c0524d91760d1e32b47d36d1f2a86d1c02c21353c123bcf21819b7d229cf4a95 2 2 4703 0
2aff024e4eb22430118c8bb63b91c7df136e1081d197b29d1cf29c2ae0284f8e 1 1 223 0
0152126809a3caff9c9955517eb1e4ceea64082fff3ba8171a25059364e00f53 2 2 352 0
e10c72bff6fb25cd4e14f053372a3ebbc90e18cf21f46a22f50dbd7957f01525 114 0 0 0
4a86c1108b3f2fd2d40acb2f320dd2477c4a62067530c1d7559cb63cfa2fb48c 14 0 0 0
72214479dd0dcae01629cdcc89ec126e9404c6f31fa5df7d4820c334590cf317 12 0 0 0
9dff3f5ae527955a554274407169d70062de0d60a03ece5fdd72d0837463dad4 1 1 1116 0
d4bec04efb8004d0681c046ec7c1ea115170ad1054f5a9cb194e1d57ad678cb4 1 0 0 0
a3b3b4fbdaf09f1e199c83e61d2fdfb94942f79c08e5802e6f84df207da53ef0 2 0 0 0
bd85b3c47e383c951d63e40a3752f65107e3c853672900c3485180e637a5f9a1 2 0 0 0
2fa622df16b9cc1ba44354fae3e3fd4a86091e90044f32dd993767bd1738699f 11 5 925 356
b04f6c47e78da99945e9621375413ed8aef078e0463254b77b887683cb43c9e7 2 2 25299 25183
58569dc187309ec2334ae7cdba7f96287dc1145b509d8d6e61722b9a34bc9b22 11 0 0 0
a921cc2d283717e581171bd386a39a796d91e4e0e45dc10924c6305c22750f4c 6 6 101 35
3ec6f3a6b2f8da071c717df530176df91652dce3aa052d88ec5f8430a8a6adc4 4 0 0 0
b477f8e6246d970762365acc82d41d49160e0e5c7b9791c0b8459e15210e9642 2 2 261 21
e6934ef496ad0ff1e4f8b5e6b858321fec7cd389f77adab9e782bf44daeb3586 1 1 198 0
eb64aabaa7f602d71b89e36c00fe2c4771f3e674708fefac65a7ad1906b4f30e 1 1 335 0
0420ad7d0d44ee03bccf8e5fa5d9fdc5f94ae09b4d4de88acbc8fb8deb7a2cc0 2 0 0 0
f2104b204da8928b99275c205b9e92602b0cc299c6858815d4330761f29c6c1f 12 0 0 0
cb643a3597cdc63c55f61048fdae84a11fafebee4b844d163668669208c2be91 325 7 4214 121
b359f4f3264673ac6557b9380f39e7f82e0facde2f6bb6af5865ae255c27878d 4 0 0 0
54ad9e1957cede53b4b0f56b2f3b46da6e00c98b021b952770a31b76acf7c8ad 1 1 6836 0
4e787cee99aa3788d0a54b7235bab87623792c43c82c97109d382ca77f9c274b 299 14 870 70
825807c9e8270bc2f28bc4f0007680c7ed3bc045704833e9f4c1dfa22b4fef82 36773 0 0 0
a843023c1a033de0730f765d170194463ae221265dfe1c12e002db360ee98eeb 280 0 0 0
01f3a9e917f90b4fe6cfeabbd7c9305fed9f2834d3216abba864f1b0feab2435 8 0 0 0
4fe91d2a89607bd53f50e20be56f0c6f8018cd6588d934dfe0a0dfcb5af1f3de 5 0 0 0
afd4974315ba6b0f9d6b16a10ddab670aa9edde9859f4ae44685717ae2901248 1 0 0 0
55103dfa0691299e103989364eaf3ed2871d1cce6739aa368c0f476f7b61592d 1 1 541 0
e9e4b9033926e2e56f43389d25c474e87a2f94c86fc5319823880e9c1e2c1d82 33 0 0 0
22de45e243d66de1c30dc14e2393b3d5a70b2be25152856f09d8f39085ccc679 441 28 10331 1944
3d385281f9e5928b05302dff0f8ca9b9ae2c588ac1a5360d49dd092c0b83bd17 1 0 0 0
ea2d090e1a805d907b722d188cc6fb317dbe3efbc355c0a67c7d0d3be61359ee 11 0 0 0
b729227f2ce802c3ce979e0be36180c0d293f46f4b6bce84f439641d5d4e3e3d 1 0 0 0
22ba38d8c0122853e50cd1a996892af0e067d22963554a6dab945299bd8738c9 74 0 0 0
805b53ae3cfe3dde1f9d38413317d0908108f26704ab50b3e900fc424b6abd8c 33 0 0 0
1c7c35a66d8aeada34dd3880a97fcb24203e560843500d5610db3732ac00f8c2 1503 0 0 0
e4b4ddbc88cd65295998e06f1a45966235eb8e3f58109279ddfbb0670a05aead 6 0 0 0
